428.00
15
139630200
139630200
0 1 1 22.0 22.00 5 (D 0,1,1) (S 10,1,3) (S 12,3,8) (S 4,8,8) (S 37,8,9) (D 0,1,1)
0 1 2 7.0 7.00 2 (D 0,1,1) (S 19,1,19) (D 0,1,1)
0 1 3 4.0 4.00 2 (D 0,1,1) (S 26,1,27) (D 0,1,1)
0 1 4 27.0 34.00 8 (D 0,1,1) (S 30,1,15) (S 15,15,20) (S 32,20,21) (S 16,21,23) (S 8,23,23) (S 18,21,25) (S 46,25,26) (D 0,1,1)
0 1 5 10.0 10.00 3 (D 0,1,1) (S 31,1,24) (S 23,24,27) (D 0,1,1)
0 1 6 8.0 8.00 2 (D 0,1,1) (S 42,1,17) (D 0,1,1)
0 1 7 8.0 15.00 5 (D 0,1,1) (S 17,3,4) (S 2,4,4) (S 20,4,12) (S 40,12,19) (D 0,1,1)
0 1 8 13.0 20.00 4 (D 0,1,1) (S 36,3,6) (S 3,6,6) (S 39,6,9) (D 0,1,1)
0 1 9 7.0 15.00 2 (D 0,1,1) (S 27,15,17) (D 0,1,1)
0 1 10 14.0 57.00 4 (D 0,1,1) (S 45,6,8) (S 22,4,6) (S 29,4,19) (D 0,1,1)
0 1 11 12.0 26.00 3 (D 0,1,1) (S 33,4,5) (S 21,5,9) (D 0,1,1)
0 1 12 22.0 57.00 9 (D 0,1,1) (S 43,12,13) (S 14,13,14) (S 6,14,14) (S 13,14,20) (S 25,21,22) (S 35,22,23) (S 38,22,25) (S 9,26,26) (D 0,1,1)
0 1 13 26.0 59.00 5 (D 0,1,1) (S 1,2,2) (S 11,2,12) (S 47,13,15) (S 44,14,18) (D 0,1,1)
0 1 14 18.0 64.00 3 (D 0,1,1) (S 28,5,6) (S 34,18,21) (D 0,1,1)
0 1 15 7.0 30.00 2 (D 0,1,1) (S 41,18,25) (D 0,1,1)