128.00
7
24194900
24194900
0 1 1 2.0 2.00 3 (D 0,1,1) (S 14,1,4) (S 17,4,13) (D 0,1,1)
0 1 2 2.0 2.00 3 (D 0,1,1) (S 21,1,12) (S 25,12,13) (D 0,1,1)
0 1 3 2.0 2.00 3 (D 0,1,1) (S 22,1,10) (S 7,10,10) (D 0,1,1)
0 1 4 3.0 3.00 4 (D 0,1,1) (S 24,1,2) (S 1,2,2) (S 13,2,4) (D 0,1,1)
0 1 5 5.0 48.00 6 (D 0,1,1) (S 3,6,6) (S 11,6,12) (S 8,5,12) (S 12,5,6) (S 16,5,13) (D 0,1,1)
0 1 6 3.0 28.00 4 (D 0,1,1) (S 23,5,11) (S 5,8,8) (S 10,8,11) (D 0,1,1)
0 1 7 3.0 43.00 4 (D 0,1,1) (S 4,7,7) (S 9,7,12) (S 20,7,8) (D 0,1,1)