2907.00
11
110588900
110588900
0 1 1 117.0 340.00 12 (D 0,1,1) (S 201,1,116) (S 202,116,117) (S 205,117,118) (S 41,118,118) (S 210,118,121) (S 212,121,122) (S 43,123,123) (S 44,124,124) (S 45,126,126) (S 46,131,131) (S 47,135,135) (D 0,1,1)
0 1 2 116.0 349.00 10 (D 0,1,1) (S 206,117,119) (S 42,119,119) (S 207,119,120) (S 211,120,121) (S 214,122,123) (S 215,123,124) (S 219,124,126) (S 227,131,132) (S 48,136,136) (D 0,1,1)
0 1 3 84.0 243.00 4 (D 0,1,1) (S 216,120,123) (S 217,123,125) (S 236,125,138) (D 0,1,1)
0 1 4 60.0 267.00 4 (D 0,1,1) (S 220,126,127) (S 221,127,128) (S 223,128,129) (D 0,1,1)
0 1 5 35.0 217.00 2 (D 0,1,1) (S 225,126,130) (D 0,1,1)
0 1 6 73.0 293.00 3 (D 0,1,1) (S 226,126,131) (S 235,131,138) (D 0,1,1)
0 1 7 11.0 184.00 2 (D 0,1,1) (S 224,127,129) (D 0,1,1)
0 1 8 31.0 240.00 4 (D 0,1,1) (S 228,132,133) (S 229,133,134) (S 231,134,135) (D 0,1,1)
0 1 9 19.0 223.00 2 (D 0,1,1) (S 230,133,135) (D 0,1,1)
0 1 10 60.0 315.00 3 (D 0,1,1) (S 232,134,136) (S 233,136,137) (D 0,1,1)
0 1 11 5.0 236.00 2 (D 0,1,1) (S 234,136,138) (D 0,1,1)