77.00
10
30354900
30354900
0 1 1 13.0 13.00 6 (D 0,1,1) (S 6,1,3) (S 2,3,3) (S 10,3,5) (S 4,5,5) (S 15,5,7) (D 0,1,1)
0 1 2 9.0 9.00 5 (D 0,1,1) (S 7,1,4) (S 3,4,4) (S 11,4,6) (S 5,6,6) (D 0,1,1)
0 1 3 14.0 14.00 5 (D 0,1,1) (S 8,1,2) (S 1,2,2) (S 9,2,4) (S 14,4,7) (D 0,1,1)
0 1 4 3.0 3.00 2 (D 0,1,1) (S 13,1,7) (D 0,1,1)
0 1 5 4.0 4.00 2 (D 0,1,1) (S 16,1,5) (D 0,1,1)
0 1 6 8.0 8.00 2 (D 0,1,1) (S 17,1,6) (D 0,1,1)
0 1 7 6.0 7.00 2 (D 0,1,1) (S 19,2,7) (D 0,1,1)
0 1 8 5.0 6.00 2 (D 0,1,1) (S 20,2,6) (D 0,1,1)
0 1 9 2.0 4.00 2 (D 0,1,1) (S 12,3,6) (D 0,1,1)
0 1 10 7.0 9.00 2 (D 0,1,1) (S 18,3,7) (D 0,1,1)