8721.00
9
52883600
52883600
0 1 1 1291.0 1467.00 7 (D 0,1,1) (S 29,21,17) (S 20,17,16) (S 18,16,8) (S 9,8,7) (S 7,7,6) (S 5,6,1) (D 0,1,1)
0 1 2 1785.0 2153.00 9 (D 0,1,1) (S 30,21,22) (S 31,22,17) (S 21,17,18) (S 23,18,10) (S 11,10,4) (S 3,4,5) (S 12,10,9) (S 8,7,13) (D 0,1,1)
0 1 3 359.0 466.00 3 (D 0,1,1) (S 22,17,22) (S 19,16,15) (D 0,1,1)
0 1 4 1775.0 2215.00 7 (D 0,1,1) (S 24,18,19) (S 26,19,10) (S 13,10,18) (S 25,18,23) (S 32,23,22) (S 15,12,13) (D 0,1,1)
0 1 5 242.0 382.00 2 (D 0,1,1) (S 27,19,30) (D 0,1,1)
0 1 6 366.0 503.00 2 (D 0,1,1) (S 16,13,15) (D 0,1,1)
0 1 7 310.0 462.00 2 (D 0,1,1) (S 6,6,12) (D 0,1,1)
0 1 8 126.0 293.00 2 (D 0,1,1) (S 10,9,8) (D 0,1,1)
0 1 9 524.0 780.00 3 (D 0,1,1) (S 4,5,11) (S 14,11,10) (D 0,1,1)