377.00
10
114154300
114154300
0 1 1 27.0 51.00 11 (D 0,1,1) (S 21,1,10) (S 13,10,11) (S 9,11,11) (S 6,7,7) (S 11,7,11) (S 23,7,9) (S 8,9,9) (S 5,6,6) (S 14,6,10) (S 4,5,5) (D 0,1,1)
0 1 2 27.0 53.00 8 (D 0,1,1) (S 33,1,4) (S 3,4,4) (S 20,4,10) (S 12,9,10) (S 43,6,9) (S 10,5,10) (S 16,5,8) (D 0,1,1)
0 1 3 27.0 31.00 9 (D 0,1,1) (S 34,1,2) (S 1,2,2) (S 25,2,3) (S 2,3,3) (S 15,3,8) (S 7,8,8) (S 42,8,11) (S 26,7,10) (D 0,1,1)
0 1 4 27.0 79.00 7 (D 0,1,1) (S 35,1,5) (S 17,5,6) (S 18,5,7) (S 29,5,11) (S 22,8,9) (S 40,3,7) (D 0,1,1)
0 1 5 23.0 74.00 7 (D 0,1,1) (S 41,1,3) (S 19,3,10) (S 24,8,10) (S 30,3,4) (S 28,4,9) (S 32,4,5) (D 0,1,1)
0 1 6 18.0 58.00 4 (D 0,1,1) (S 27,2,7) (S 38,4,8) (S 39,4,11) (D 0,1,1)
0 1 7 9.0 10.00 2 (D 0,1,1) (S 31,2,8) (D 0,1,1)
0 1 8 6.0 7.00 2 (D 0,1,1) (S 36,2,4) (D 0,1,1)
0 1 9 5.0 6.00 2 (D 0,1,1) (S 37,2,6) (D 0,1,1)
0 1 10 7.0 8.00 2 (D 0,1,1) (S 44,2,10) (D 0,1,1)