2158.00
8
57471900
57471900
0 1 1 46.0 92.00 3 (D 0,1,1) (S 31,1,2) (S 32,2,3) (D 0,1,1)
0 1 2 81.0 194.00 4 (D 0,1,1) (S 33,2,4) (S 34,4,5) (S 35,5,6) (D 0,1,1)
0 1 3 75.0 199.00 2 (D 0,1,1) (S 112,4,69) (D 0,1,1)
0 1 4 126.0 387.00 13 (D 0,1,1) (S 36,5,7) (S 37,7,8) (S 1,8,8) (S 38,8,9) (S 2,9,9) (S 39,9,10) (S 40,10,11) (S 41,11,12) (S 3,12,12) (S 121,12,76) (S 29,76,76) (S 30,77,77) (D 0,1,1)
0 1 5 80.0 346.00 3 (D 0,1,1) (S 86,11,48) (S 16,48,48) (D 0,1,1)
0 1 6 90.0 366.00 4 (D 0,1,1) (S 101,11,59) (S 23,59,59) (S 111,59,69) (D 0,1,1)
0 1 7 30.0 278.00 3 (D 0,1,1) (S 42,12,16) (S 5,16,16) (D 0,1,1)
0 1 8 35.0 296.00 2 (D 0,1,1) (S 124,76,77) (D 0,1,1)