47959.00
25
1704788600
1704788600
0 1 1 1492.0 1782.00 9 (D 0,1,1) (S 5,1,2) (S 7,2,3) (S 9,3,4) (S 11,4,5) (S 1,12,12) (S 40,21,30) (S 4,30,30) (D 0,1,1)
0 1 2 1647.0 1877.00 8 (D 0,1,1) (S 6,1,16) (S 2,16,16) (S 32,16,17) (S 34,17,18) (S 20,9,18) (S 36,18,19) (D 0,1,1)
0 1 3 1612.0 1886.00 7 (D 0,1,1) (S 33,16,25) (S 48,25,26) (S 50,26,35) (S 66,35,36) (S 69,36,45) (D 0,1,1)
0 1 4 1601.0 1790.00 5 (D 0,1,1) (S 8,2,9) (S 19,9,10) (S 100,10,11) (D 0,1,1)
0 1 5 1600.0 1860.00 6 (D 0,1,1) (S 10,3,10) (S 21,10,19) (S 37,19,28) (S 53,28,29) (D 0,1,1)
0 1 6 1586.0 2106.00 8 (D 0,1,1) (S 104,26,27) (S 51,27,28) (S 57,30,31) (S 91,48,55) (S 89,47,54) (S 87,46,53) (D 0,1,1)
0 1 7 1381.0 1609.00 5 (D 0,1,1) (S 49,25,34) (S 65,34,35) (S 67,35,44) (D 0,1,1)
0 1 8 1493.0 1748.00 5 (D 0,1,1) (S 12,4,11) (S 23,11,20) (S 38,20,21) (D 0,1,1)
0 1 9 1448.0 1756.00 6 (D 0,1,1) (S 13,4,12) (S 24,12,21) (S 25,12,22) (S 103,22,21) (D 0,1,1)
0 1 10 1556.0 1878.00 6 (D 0,1,1) (S 22,10,20) (S 39,20,29) (S 55,29,30) (S 58,30,39) (D 0,1,1)
0 1 11 1617.0 1986.00 6 (D 0,1,1) (S 56,29,38) (S 71,38,39) (S 73,38,47) (S 105,27,18) (D 0,1,1)
0 1 12 1430.0 1709.00 5 (D 0,1,1) (S 14,5,6) (S 16,6,13) (S 26,13,14) (D 0,1,1)
0 1 13 1554.0 1927.00 6 (D 0,1,1) (S 15,5,12) (S 42,22,31) (S 59,31,40) (S 75,40,41) (D 0,1,1)
0 1 14 1528.0 1895.00 7 (D 0,1,1) (S 106,34,43) (S 79,43,44) (S 81,44,45) (S 83,45,46) (S 95,52,53) (D 0,1,1)
0 1 15 1603.0 1946.00 7 (D 0,1,1) (S 3,25,25) (S 80,43,50) (S 93,50,51) (S 82,44,51) (S 94,51,52) (D 0,1,1)
0 1 16 1633.0 1962.00 5 (D 0,1,1) (S 68,36,37) (S 70,37,46) (S 86,46,52) (D 0,1,1)
0 1 17 1640.0 2064.00 5 (D 0,1,1) (S 27,13,22) (S 43,22,32) (S 78,42,49) (D 0,1,1)
0 1 18 1621.0 2105.00 8 (D 0,1,1) (S 35,17,26) (S 52,27,36) (S 84,45,52) (S 96,53,54) (S 97,54,55) (S 98,55,56) (D 0,1,1)
0 1 19 1642.0 1993.00 6 (D 0,1,1) (S 54,28,37) (S 107,37,38) (S 72,38,46) (S 85,46,47) (D 0,1,1)
0 1 20 1500.0 1869.00 5 (D 0,1,1) (S 28,14,15) (S 31,15,24) (S 46,24,32) (D 0,1,1)
0 1 21 1363.0 1742.00 5 (D 0,1,1) (S 29,14,23) (S 45,23,32) (S 60,32,33) (D 0,1,1)
0 1 22 1631.0 2113.00 6 (D 0,1,1) (S 30,14,24) (S 61,32,40) (S 76,40,48) (S 90,48,49) (D 0,1,1)
0 1 23 1618.0 2094.00 7 (D 0,1,1) (S 62,32,41) (S 77,41,42) (S 44,23,24) (S 99,7,14) (S 101,14,6) (D 0,1,1)
0 1 24 1575.0 2072.00 6 (D 0,1,1) (S 102,19,20) (S 88,47,48) (S 74,39,40) (S 63,32,42) (D 0,1,1)
0 1 25 1615.0 2190.00 8 (D 0,1,1) (S 41,22,23) (S 47,24,33) (S 64,33,42) (S 92,49,56) (S 17,7,8) (S 18,8,15) (D 0,1,1)