168.00
8
53509500
53509500
0 1 1 9.0 9.00 2 (D 0,1,1) (S 16,1,10) (D 0,1,1)
0 1 2 11.0 11.00 4 (D 0,1,1) (S 18,1,3) (S 2,3,3) (S 17,3,10) (D 0,1,1)
0 1 3 27.0 37.00 11 (D 0,1,1) (S 22,1,8) (S 7,8,8) (S 4,5,5) (S 13,5,8) (S 14,5,7) (S 6,7,7) (S 12,7,9) (S 8,9,9) (S 3,4,4) (S 29,7,10) (D 0,1,1)
0 1 4 5.0 5.00 2 (D 0,1,1) (S 26,1,11) (D 0,1,1)
0 1 5 11.0 17.00 3 (D 0,1,1) (S 28,1,7) (S 23,5,11) (D 0,1,1)
0 1 6 20.0 21.00 5 (D 0,1,1) (S 32,1,6) (S 5,6,6) (S 11,6,8) (S 33,5,10) (D 0,1,1)
0 1 7 12.0 19.00 3 (D 0,1,1) (S 19,3,7) (S 20,9,10) (D 0,1,1)
0 1 8 27.0 49.00 6 (D 0,1,1) (S 25,3,4) (S 9,4,9) (S 10,4,7) (S 21,4,5) (S 31,4,11) (D 0,1,1)