99.00
9
32951800
32951800
0 1 1 17.0 17.00 5 (D 0,1,1) (S 8,1,3) (S 13,3,5) (S 9,5,7) (S 4,7,7) (D 0,1,1)
0 1 2 20.0 28.00 8 (D 0,1,1) (S 12,1,2) (S 1,2,2) (S 11,2,9) (S 6,9,9) (S 3,6,6) (S 10,6,9) (S 22,6,7) (D 0,1,1)
0 1 3 2.0 2.00 2 (D 0,1,1) (S 16,1,5) (D 0,1,1)
0 1 4 3.0 3.00 2 (D 0,1,1) (S 17,1,7) (D 0,1,1)
0 1 5 4.0 4.00 2 (D 0,1,1) (S 18,1,10) (D 0,1,1)
0 1 6 5.0 6.00 2 (D 0,1,1) (S 20,2,5) (D 0,1,1)
0 1 7 1.0 8.00 2 (D 0,1,1) (S 15,3,10) (D 0,1,1)
0 1 8 8.0 15.00 3 (D 0,1,1) (S 19,3,11) (S 7,11,11) (D 0,1,1)
0 1 9 9.0 16.00 3 (D 0,1,1) (S 24,3,6) (S 23,6,10) (D 0,1,1)