170.00
7
82218700
82218700
0 1 1 27.0 43.00 13 (D 0,1,1) (S 21,1,3) (S 2,3,3) (S 19,3,4) (S 3,4,4) (S 12,4,8) (S 7,8,8) (S 14,4,5) (S 4,5,5) (S 25,5,8) (S 16,4,10) (S 9,10,10) (S 6,7,7) (D 0,1,1)
0 1 2 12.0 12.00 5 (D 0,1,1) (S 27,1,6) (S 5,6,6) (S 18,6,7) (S 11,7,10) (D 0,1,1)
0 1 3 20.0 30.00 8 (D 0,1,1) (S 30,1,11) (S 10,11,11) (S 1,2,2) (S 15,2,11) (S 17,2,4) (S 23,4,9) (S 8,9,9) (D 0,1,1)
0 1 4 20.0 26.00 4 (D 0,1,1) (S 22,3,11) (S 20,2,3) (S 26,3,9) (D 0,1,1)
0 1 5 1.0 2.00 2 (D 0,1,1) (S 24,6,10) (D 0,1,1)
0 1 6 14.0 23.00 3 (D 0,1,1) (S 31,6,8) (S 29,9,10) (D 0,1,1)
0 1 7 15.0 34.00 3 (D 0,1,1) (S 13,5,11) (S 28,5,10) (D 0,1,1)