311.00
8
29299000
29299000
0 1 1 13.0 13.00 4 (D 0,1,1) (S 16,1,5) (S 10,5,10) (S 4,10,10) (D 0,1,1)
0 1 2 32.0 73.00 5 (D 0,1,1) (S 18,1,4) (S 7,4,5) (S 5,11,11) (S 11,11,13) (D 0,1,1)
0 1 3 20.0 20.00 5 (D 0,1,1) (S 19,1,3) (S 14,3,6) (S 21,6,12) (S 6,12,12) (D 0,1,1)
0 1 4 8.0 18.00 2 (D 0,1,1) (S 12,4,10) (D 0,1,1)
0 1 5 16.0 26.00 2 (D 0,1,1) (S 13,4,11) (D 0,1,1)
0 1 6 14.0 32.00 2 (D 0,1,1) (S 22,6,10) (D 0,1,1)
0 1 7 13.0 39.00 4 (D 0,1,1) (S 1,2,2) (S 8,2,8) (S 17,8,12) (D 0,1,1)
0 1 8 23.0 90.00 5 (D 0,1,1) (S 9,2,6) (S 15,2,3) (S 20,8,9) (S 3,9,9) (D 0,1,1)