33008.00
17
6735635500
6735635500
0 1 1 1613.0 1791.00 13 (D 0,1,1) (S 98,38,52) (S 28,52,52) (S 131,52,51) (S 27,51,51) (S 129,51,37) (S 18,37,37) (S 97,37,38) (S 132,52,53) (S 29,53,53) (S 133,53,39) (S 19,39,39) (S 5,7,7) (D 0,1,1)
0 1 2 1643.0 2405.00 26 (D 0,1,1) (S 135,53,54) (S 30,54,54) (S 136,54,40) (S 20,40,40) (S 103,40,24) (S 13,24,24) (S 72,24,8) (S 6,8,8) (S 47,8,9) (S 49,10,11) (S 7,11,11) (S 15,28,28) (S 14,27,27) (S 21,41,41) (S 106,41,54) (S 134,53,52) (S 33,63,63) (S 32,62,62) (S 26,49,49) (S 10,18,18) (S 1,1,1) (S 2,2,2) (S 3,5,5) (S 4,6,6) (D 0,1,1)
0 1 3 1648.0 2415.00 15 (D 0,1,1) (S 130,51,63) (S 154,63,51) (S 155,63,52) (S 137,54,41) (S 105,41,40) (S 104,40,39) (S 99,39,22) (S 68,22,21) (S 12,21,21) (S 67,21,37) (S 139,54,65) (S 8,14,14) (S 16,30,30) (D 0,1,1)
0 1 4 1645.0 2051.00 13 (D 0,1,1) (S 138,54,55) (S 35,68,68) (S 107,41,55) (S 141,55,67) (S 162,67,66) (S 34,66,66) (S 161,66,65) (S 160,65,54) (S 140,54,66) (S 159,65,53) (S 100,39,23) (D 0,1,1)
0 1 5 1488.0 1751.00 11 (D 0,1,1) (S 156,63,62) (S 152,62,50) (S 126,50,36) (S 94,36,20) (S 64,20,19) (S 11,19,19) (S 61,19,4) (S 42,4,5) (S 46,6,21) (D 0,1,1)
0 1 6 1649.0 2139.00 10 (D 0,1,1) (S 157,63,64) (S 158,64,65) (S 108,41,56) (S 142,56,42) (S 109,42,41) (S 73,24,9) (S 50,11,12) (S 52,12,28) (D 0,1,1)
0 1 7 289.0 389.00 2 (D 0,1,1) (S 70,23,7) (D 0,1,1)
0 1 8 1451.0 1757.00 7 (D 0,1,1) (S 71,23,39) (S 69,22,23) (S 66,21,20) (S 63,20,5) (S 43,5,6) (S 44,6,7) (D 0,1,1)
0 1 9 1595.0 2083.00 14 (D 0,1,1) (S 153,62,61) (S 148,61,49) (S 124,49,35) (S 93,35,34) (S 91,34,18) (S 60,18,17) (S 59,17,16) (S 57,16,1) (S 37,1,2) (S 38,2,3) (S 40,3,4) (S 45,6,20) (D 0,1,1)
0 1 10 1281.0 1632.00 8 (D 0,1,1) (S 65,20,35) (S 92,34,48) (S 122,48,34) (S 123,48,49) (S 125,49,50) (S 127,50,37) (D 0,1,1)
0 1 11 1414.0 1868.00 8 (D 0,1,1) (S 149,61,50) (S 95,36,35) (S 58,16,32) (S 88,32,33) (S 17,33,33) (S 90,33,34) (D 0,1,1)
0 1 12 1604.0 2270.00 9 (D 0,1,1) (S 151,61,62) (S 150,61,60) (S 147,60,48) (S 62,19,35) (S 89,32,59) (S 146,59,60) (S 96,36,37) (D 0,1,1)
0 1 13 1413.0 1780.00 9 (D 0,1,1) (S 163,67,68) (S 164,68,56) (S 22,42,42) (S 110,42,43) (S 111,43,69) (S 165,69,56) (S 74,24,39) (D 0,1,1)
0 1 14 1613.0 2667.00 11 (D 0,1,1) (S 41,3,18) (S 39,2,17) (S 128,50,51) (S 51,12,13) (S 53,13,14) (S 54,14,15) (S 9,15,15) (S 56,15,31) (S 101,39,38) (D 0,1,1)
0 1 15 1631.0 2113.00 10 (D 0,1,1) (S 83,28,27) (S 80,27,11) (S 55,14,30) (S 86,30,29) (S 85,29,28) (S 81,27,26) (S 78,26,25) (S 76,25,41) (D 0,1,1)
0 1 16 1604.0 2279.00 7 (D 0,1,1) (S 75,25,9) (S 48,9,10) (S 77,26,10) (S 82,27,43) (S 166,69,68) (D 0,1,1)
0 1 17 1031.0 1618.00 6 (D 0,1,1) (S 84,29,13) (S 87,31,30) (S 79,26,42) (S 102,39,52) (D 0,1,1)