520.00
9
435564600
435564600
0 1 1 24.0 31.00 10 (D 0,1,1) (S 46,1,7) (S 73,7,1) (S 75,7,8) (S 4,8,8) (S 36,8,9) (S 5,9,9) (S 37,3,9) (S 45,3,2) (S 1,2,2) (D 0,1,1)
0 1 2 10.0 17.00 2 (D 0,1,1) (S 50,8,2) (D 0,1,1)
0 1 3 64.0 81.00 13 (D 0,1,1) (S 62,3,4) (S 2,4,4) (S 42,4,3) (S 60,4,10) (S 34,10,11) (S 29,11,16) (S 35,16,17) (S 9,17,17) (S 79,17,20) (S 11,20,20) (S 58,20,19) (S 10,19,19) (D 0,1,1)
0 1 4 42.0 69.00 8 (D 0,1,1) (S 65,10,15) (S 8,15,15) (S 38,15,25) (S 30,25,31) (S 18,31,31) (S 66,25,26) (S 47,26,19) (D 0,1,1)
0 1 5 4.0 25.00 3 (D 0,1,1) (S 57,15,16) (S 41,16,19) (D 0,1,1)
0 1 6 25.0 63.00 7 (D 0,1,1) (S 7,14,14) (S 32,14,15) (S 43,16,15) (S 33,11,17) (S 82,11,5) (S 3,5,5) (D 0,1,1)
0 1 7 35.0 63.00 11 (D 0,1,1) (S 86,11,12) (S 53,12,6) (S 78,6,12) (S 68,12,11) (S 80,20,27) (S 15,27,27) (S 48,27,33) (S 51,33,27) (S 76,27,21) (S 12,21,21) (D 0,1,1)
0 1 8 27.0 91.00 9 (D 0,1,1) (S 14,24,24) (S 31,24,25) (S 52,24,14) (S 56,24,23) (S 13,23,23) (S 77,23,24) (S 49,26,32) (S 19,32,32) (D 0,1,1)
0 1 9 25.0 80.00 4 (D 0,1,1) (S 54,26,25) (S 17,30,30) (S 39,30,31) (D 0,1,1)