48784.00
26
741390500
741390500
0 1 1 1397.0 1614.00 5 (D 0,1,1) (S 42,22,23) (S 44,23,24) (S 46,24,32) (D 0,1,1)
0 1 2 1358.0 1626.00 6 (D 0,1,1) (S 43,22,30) (S 58,30,31) (S 60,31,32) (S 62,32,40) (D 0,1,1)
0 1 3 1472.0 1767.00 5 (D 0,1,1) (S 59,30,39) (S 75,39,40) (S 77,40,41) (D 0,1,1)
0 1 4 1371.0 1665.00 5 (D 0,1,1) (S 45,23,31) (S 61,31,40) (S 78,40,51) (D 0,1,1)
0 1 5 1272.0 1505.00 5 (D 0,1,1) (S 37,20,21) (S 41,21,29) (S 55,29,30) (D 0,1,1)
0 1 6 1328.0 1628.00 5 (D 0,1,1) (S 12,6,13) (S 25,13,14) (S 27,14,24) (D 0,1,1)
0 1 7 1319.0 1506.00 5 (D 0,1,1) (S 30,16,17) (S 21,11,12) (S 24,12,22) (D 0,1,1)
0 1 8 1475.0 1970.00 5 (D 0,1,1) (S 90,50,51) (S 63,32,41) (S 26,13,23) (D 0,1,1)
0 1 9 1412.0 1644.00 5 (D 0,1,1) (S 8,4,11) (S 22,11,17) (S 32,17,21) (D 0,1,1)
0 1 10 1418.0 1649.00 5 (D 0,1,1) (S 38,20,28) (S 53,28,29) (S 40,21,22) (D 0,1,1)
0 1 11 1445.0 1850.00 5 (D 0,1,1) (S 39,20,29) (S 72,37,48) (S 73,38,39) (D 0,1,1)
0 1 12 1372.0 1678.00 5 (D 0,1,1) (S 9,5,6) (S 11,6,7) (S 13,7,14) (D 0,1,1)
0 1 13 1495.0 1927.00 7 (D 0,1,1) (S 3,2,3) (S 5,3,4) (S 7,4,5) (S 10,5,12) (S 23,12,13) (D 0,1,1)
0 1 14 1569.0 2100.00 6 (D 0,1,1) (S 29,15,20) (S 48,25,33) (S 66,34,35) (S 54,28,37) (D 0,1,1)
0 1 15 1498.0 1954.00 7 (D 0,1,1) (S 14,8,9) (S 16,9,10) (S 6,3,10) (S 20,10,16) (S 28,15,16) (D 0,1,1)
0 1 16 1530.0 2021.00 6 (D 0,1,1) (S 74,38,49) (S 84,44,47) (S 88,48,49) (S 89,49,50) (D 0,1,1)
0 1 17 1559.0 1962.00 5 (D 0,1,1) (S 19,10,15) (S 51,27,28) (S 35,19,20) (D 0,1,1)
0 1 18 1560.0 1917.00 5 (D 0,1,1) (S 36,19,26) (S 49,26,27) (S 52,27,36) (D 0,1,1)
0 1 19 1523.0 2218.00 6 (D 0,1,1) (S 79,41,52) (S 87,47,48) (S 86,46,47) (S 68,35,36) (D 0,1,1)
0 1 20 1541.0 2010.00 5 (D 0,1,1) (S 50,26,35) (S 69,35,44) (S 83,43,46) (D 0,1,1)
0 1 21 1503.0 2029.00 6 (D 0,1,1) (S 33,18,19) (S 34,18,25) (S 47,25,26) (S 57,29,38) (D 0,1,1)
0 1 22 1466.0 2031.00 5 (D 0,1,1) (S 4,2,9) (S 15,8,18) (S 64,33,34) (D 0,1,1)
0 1 23 1539.0 2042.00 6 (D 0,1,1) (S 81,42,45) (S 80,42,43) (S 70,36,37) (S 71,37,38) (D 0,1,1)
0 1 24 1527.0 2128.00 6 (D 0,1,1) (S 76,39,50) (S 67,34,43) (S 82,43,44) (S 17,9,19) (D 0,1,1)
0 1 25 1570.0 2222.00 6 (D 0,1,1) (S 56,29,37) (S 65,33,42) (S 85,45,46) (S 91,51,52) (D 0,1,1)
0 1 26 1569.0 2121.00 6 (D 0,1,1) (S 2,1,8) (S 1,1,2) (S 18,10,11) (S 31,16,21) (D 0,1,1)