105.00
7
38129400
38129400
0 1 1 16.0 16.00 4 (D 0,1,1) (S 9,1,9) (S 19,9,10) (S 8,10,10) (D 0,1,1)
0 1 2 27.0 29.00 10 (D 0,1,1) (S 11,1,11) (S 15,1,2) (S 1,2,2) (S 14,2,4) (S 3,4,4) (S 17,4,7) (S 6,7,7) (S 10,7,11) (D 0,1,1)
0 1 3 6.0 6.00 3 (D 0,1,1) (S 20,1,8) (S 7,8,8) (D 0,1,1)
0 1 4 3.0 3.00 3 (D 0,1,1) (S 24,1,5) (S 4,5,5) (D 0,1,1)
0 1 5 14.0 25.00 6 (D 0,1,1) (S 16,2,9) (S 5,6,6) (S 12,6,9) (S 18,6,11) (S 22,2,8) (D 0,1,1)
0 1 6 7.0 10.00 2 (D 0,1,1) (S 13,7,10) (D 0,1,1)
0 1 7 6.0 16.00 3 (D 0,1,1) (S 21,7,9) (S 23,7,8) (D 0,1,1)