212.00
13
84676000
84676000
0 1 1 24.0 42.00 9 (D 0,1,1) (S 12,1,4) (S 3,4,4) (S 11,4,7) (S 6,7,7) (S 14,7,10) (S 31,10,11) (S 9,9,11) (S 7,8,8) (D 0,1,1)
0 1 2 26.0 54.00 5 (D 0,1,1) (S 13,1,7) (S 16,1,10) (S 29,9,10) (S 8,8,9) (D 0,1,1)
0 1 3 1.0 1.00 2 (D 0,1,1) (S 19,1,9) (D 0,1,1)
0 1 4 11.0 11.00 4 (D 0,1,1) (S 23,1,5) (S 4,5,5) (S 28,5,11) (D 0,1,1)
0 1 5 8.0 8.00 2 (D 0,1,1) (S 27,1,11) (D 0,1,1)
0 1 6 16.0 16.00 4 (D 0,1,1) (S 32,1,6) (S 5,6,6) (S 20,6,8) (D 0,1,1)
0 1 7 17.0 17.00 5 (D 0,1,1) (S 34,1,2) (S 1,2,2) (S 17,2,5) (S 30,5,10) (D 0,1,1)
0 1 8 8.0 9.00 3 (D 0,1,1) (S 18,2,6) (S 24,6,9) (D 0,1,1)
0 1 9 1.0 2.00 2 (D 0,1,1) (S 21,4,9) (D 0,1,1)
0 1 10 15.0 18.00 3 (D 0,1,1) (S 22,2,4) (S 25,2,8) (D 0,1,1)
0 1 11 8.0 9.00 2 (D 0,1,1) (S 33,2,11) (D 0,1,1)
0 1 12 9.0 14.00 4 (D 0,1,1) (S 2,3,3) (S 10,3,5) (S 15,3,10) (D 0,1,1)
0 1 13 7.0 11.00 2 (D 0,1,1) (S 26,3,9) (D 0,1,1)