251.00
7
164481200
164481200
0 1 1 27.0 33.00 10 (D 0,1,1) (S 12,1,3) (S 2,3,3) (S 21,3,11) (S 9,7,10) (S 7,10,10) (S 11,7,9) (S 31,9,11) (S 13,1,7) (D 0,1,1)
0 1 2 26.0 29.00 9 (D 0,1,1) (S 17,1,11) (S 14,7,11) (S 19,1,4) (S 3,4,4) (S 16,4,5) (S 4,5,5) (S 22,5,8) (S 6,8,8) (D 0,1,1)
0 1 3 27.0 34.00 9 (D 0,1,1) (S 28,1,2) (S 1,2,2) (S 15,2,11) (S 32,1,9) (S 10,9,10) (S 26,3,5) (S 24,5,7) (D 0,1,1)
0 1 4 25.0 50.00 8 (D 0,1,1) (S 37,2,4) (S 20,4,6) (S 5,6,6) (S 8,6,7) (S 36,4,9) (S 25,6,9) (D 0,1,1)
0 1 5 25.0 48.00 5 (D 0,1,1) (S 23,4,11) (S 27,5,11) (S 30,5,10) (S 33,2,8) (D 0,1,1)
0 1 6 6.0 12.00 2 (D 0,1,1) (S 18,6,8) (D 0,1,1)
0 1 7 20.0 45.00 5 (D 0,1,1) (S 34,2,5) (S 35,2,3) (S 29,3,9) (D 0,1,1)