200.00
7
257400
257400
0 1 1 26.0 44.00 12 (D 0,1,1) (S 10,1,7) (S 6,7,7) (S 28,7,10) (S 9,10,10) (S 5,6,6) (S 11,6,10) (S 17,6,9) (S 8,9,9) (S 16,9,10) (S 29,6,8) (S 7,8,8) (D 0,1,1)
0 1 2 27.0 38.00 9 (D 0,1,1) (S 12,1,11) (S 26,1,4) (S 3,4,4) (S 14,4,11) (S 27,4,5) (S 4,5,5) (S 2,3,3) (D 0,1,1)
0 1 3 7.0 29.00 3 (D 0,1,1) (S 32,7,9) (S 22,8,9) (D 0,1,1)
0 1 4 18.0 29.00 6 (D 0,1,1) (S 13,3,7) (S 15,3,5) (S 18,5,7) (S 19,3,4) (S 21,5,8) (D 0,1,1)
0 1 5 8.0 10.00 2 (D 0,1,1) (S 25,3,9) (D 0,1,1)
0 1 6 15.0 22.00 3 (D 0,1,1) (S 31,3,11) (S 33,3,10) (D 0,1,1)
0 1 7 15.0 28.00 3 (D 0,1,1) (S 24,5,11) (S 30,5,10) (D 0,1,1)