62071.00
27
6201700
6201700
0 1 1 1616.0 2898.00 45 (D 0,1,1) (S 56,1,2) (S 1,2,2) (S 58,2,9) (S 7,9,9) (S 66,9,11) (S 9,11,11) (S 68,11,18) (S 16,18,18) (S 77,18,26) (S 22,26,26) (S 29,34,34) (S 31,36,36) (S 97,36,45) (S 40,45,45) (S 47,52,52) (S 49,54,54) (S 50,55,55) (S 48,53,53) (S 119,53,55) (S 51,56,56) (S 52,57,57) (S 43,48,48) (S 44,49,49) (S 173,49,58) (S 53,58,58) (S 54,59,59) (S 45,50,50) (S 46,51,51) (S 37,42,42) (S 36,41,41) (S 27,32,32) (S 26,31,31) (S 20,22,22) (S 19,21,21) (S 18,20,20) (S 25,29,29) (S 24,28,28) (S 33,38,38) (S 39,44,44) (S 42,47,47) (S 41,46,46) (S 38,43,43) (S 32,37,37) (D 0,1,1)
0 1 2 1609.0 3398.00 27 (D 0,1,1) (S 57,1,8) (S 6,8,8) (S 65,8,9) (S 124,2,3) (S 2,3,3) (S 3,4,4) (S 11,13,13) (S 10,12,12) (S 132,12,19) (S 17,19,19) (S 23,27,27) (S 148,27,18) (S 8,10,10) (S 15,17,17) (S 30,35,35) (S 34,39,39) (S 35,40,40) (S 28,33,33) (S 21,24,24) (S 14,16,16) (S 13,15,15) (S 5,6,6) (S 4,5,5) (S 12,14,14) (S 55,60,60) (D 0,1,1)
0 1 3 1606.0 2123.00 8 (D 0,1,1) (S 129,8,10) (S 67,10,11) (S 130,10,17) (S 136,17,11) (S 125,3,2) (S 126,3,12) (D 0,1,1)
0 1 4 1589.0 1949.00 5 (D 0,1,1) (S 76,17,26) (S 86,26,34) (S 161,34,36) (D 0,1,1)
0 1 5 1613.0 2336.00 7 (D 0,1,1) (S 59,3,4) (S 60,4,5) (S 62,5,6) (S 64,6,15) (S 170,43,46) (D 0,1,1)
0 1 6 1566.0 2077.00 6 (D 0,1,1) (S 137,18,19) (S 78,19,20) (S 80,20,21) (S 139,22,31) (D 0,1,1)
0 1 7 1607.0 2349.00 8 (D 0,1,1) (S 147,26,27) (S 87,27,28) (S 88,28,29) (S 150,29,19) (S 146,25,30) (S 100,39,40) (D 0,1,1)
0 1 8 1582.0 2117.00 6 (D 0,1,1) (S 61,4,13) (S 70,13,14) (S 73,14,15) (S 75,15,16) (D 0,1,1)
0 1 9 1561.0 2111.00 6 (D 0,1,1) (S 69,12,13) (S 71,13,19) (S 79,19,28) (S 99,38,44) (D 0,1,1)
0 1 10 1578.0 2154.00 7 (D 0,1,1) (S 131,12,3) (S 72,13,20) (S 81,20,29) (S 151,29,30) (S 153,30,29) (D 0,1,1)
0 1 11 1567.0 2052.00 6 (D 0,1,1) (S 94,34,35) (S 95,35,37) (S 104,43,44) (S 162,35,27) (D 0,1,1)
0 1 12 1583.0 2117.00 6 (D 0,1,1) (S 149,27,26) (S 96,36,37) (S 98,37,43) (S 163,36,34) (D 0,1,1)
0 1 13 1594.0 2274.00 8 (D 0,1,1) (S 127,5,14) (S 74,14,22) (S 83,22,23) (S 140,23,15) (S 134,15,23) (S 141,23,24) (D 0,1,1)
0 1 14 1579.0 2236.00 6 (D 0,1,1) (S 89,28,37) (S 108,46,47) (S 110,47,48) (S 172,48,39) (D 0,1,1)
0 1 15 1573.0 2672.00 9 (D 0,1,1) (S 90,28,38) (S 164,38,37) (S 109,46,53) (S 177,55,56) (S 179,58,59) (S 175,51,42) (S 176,51,60) (D 0,1,1)
0 1 16 1582.0 2417.00 7 (D 0,1,1) (S 133,14,5) (S 63,6,7) (S 128,7,16) (S 135,16,24) (S 159,33,24) (D 0,1,1)
0 1 17 1563.0 2202.00 6 (D 0,1,1) (S 138,20,25) (S 85,25,31) (S 91,31,40) (S 101,40,41) (D 0,1,1)
0 1 18 1569.0 2372.00 7 (D 0,1,1) (S 106,45,46) (S 171,46,43) (S 105,44,47) (S 111,47,56) (S 152,29,39) (D 0,1,1)
0 1 19 1524.0 2139.00 6 (D 0,1,1) (S 107,45,52) (S 117,52,53) (S 118,52,54) (S 120,54,55) (D 0,1,1)
0 1 20 1559.0 2222.00 6 (D 0,1,1) (S 82,21,22) (S 84,23,32) (S 157,32,31) (S 156,31,32) (D 0,1,1)
0 1 21 1579.0 2476.00 7 (D 0,1,1) (S 144,25,20) (S 145,25,21) (S 155,31,22) (S 92,32,41) (S 168,41,50) (D 0,1,1)
0 1 22 1563.0 2370.00 7 (D 0,1,1) (S 165,38,39) (S 166,39,29) (S 154,30,31) (S 158,32,33) (S 93,33,42) (D 0,1,1)
0 1 23 1518.0 2252.00 6 (D 0,1,1) (S 167,39,48) (S 112,48,49) (S 114,49,50) (S 174,50,41) (D 0,1,1)
0 1 24 1493.0 2448.00 7 (D 0,1,1) (S 102,40,49) (S 113,48,57) (S 122,57,58) (S 123,59,60) (S 180,59,58) (D 0,1,1)
0 1 25 1591.0 2679.00 6 (D 0,1,1) (S 121,56,57) (S 178,56,55) (S 115,50,51) (S 169,42,51) (D 0,1,1)
0 1 26 1508.0 2419.00 6 (D 0,1,1) (S 142,24,16) (S 143,24,23) (S 103,41,42) (S 160,33,32) (D 0,1,1)
0 1 27 428.0 1212.00 3 (D 0,1,1) (S 116,50,59) (D 0,1,1)