204.00
8
198200
198200
0 1 1 27.0 39.00 10 (D 0,1,1) (S 21,1,15) (S 23,15,20) (S 13,20,20) (S 10,14,14) (S 20,14,20) (S 41,14,18) (S 12,18,18) (S 14,21,21) (S 25,21,22) (D 0,1,1)
0 1 2 10.0 10.00 3 (D 0,1,1) (S 29,1,24) (S 31,24,27) (D 0,1,1)
0 1 3 4.0 4.00 2 (D 0,1,1) (S 33,1,27) (D 0,1,1)
0 1 4 7.0 7.00 2 (D 0,1,1) (S 39,1,19) (D 0,1,1)
0 1 5 8.0 16.00 3 (D 0,1,1) (S 43,15,17) (S 11,17,17) (D 0,1,1)
0 1 6 25.0 48.00 5 (D 0,1,1) (S 17,18,21) (S 27,21,23) (S 26,23,26) (S 44,26,27) (D 0,1,1)
0 1 7 9.0 41.00 2 (D 0,1,1) (S 37,23,24) (D 0,1,1)
0 1 8 6.0 39.00 4 (D 0,1,1) (S 15,22,22) (S 19,22,25) (S 22,25,26) (D 0,1,1)