138.00
11
338000
338000
0 1 1 10.0 10.00 5 (D 0,1,1) (S 15,1,4) (S 3,4,4) (S 14,4,8) (S 7,8,8) (D 0,1,1)
0 1 2 14.0 14.00 7 (D 0,1,1) (S 17,1,6) (S 5,6,6) (S 9,6,7) (S 6,7,7) (S 27,7,9) (S 8,9,9) (D 0,1,1)
0 1 3 16.0 20.00 7 (D 0,1,1) (S 19,1,2) (S 1,2,2) (S 11,2,5) (S 4,5,5) (S 10,5,7) (S 16,5,9) (D 0,1,1)
0 1 4 5.0 5.00 2 (D 0,1,1) (S 20,1,8) (D 0,1,1)
0 1 5 10.0 10.00 3 (D 0,1,1) (S 21,1,5) (S 23,5,8) (D 0,1,1)
0 1 6 5.0 11.00 3 (D 0,1,1) (S 22,1,7) (S 26,6,8) (D 0,1,1)
0 1 7 12.0 18.00 5 (D 0,1,1) (S 12,2,3) (S 2,3,3) (S 13,3,5) (S 18,2,8) (D 0,1,1)
0 1 8 8.0 22.00 3 (D 0,1,1) (S 30,2,7) (S 25,3,8) (D 0,1,1)
0 1 9 5.0 11.00 2 (D 0,1,1) (S 24,4,7) (D 0,1,1)
0 1 10 3.0 9.00 2 (D 0,1,1) (S 28,4,6) (D 0,1,1)
0 1 11 2.0 8.00 2 (D 0,1,1) (S 29,4,5) (D 0,1,1)