242.00
7
194100
194100
0 1 1 43.0 49.00 7 (D 0,1,1) (S 16,1,20) (S 28,20,21) (S 13,21,21) (S 37,21,24) (S 25,24,21) (S 21,23,24) (D 0,1,1)
0 1 2 29.0 36.00 8 (D 0,1,1) (S 30,1,11) (S 8,11,11) (S 5,6,6) (S 15,6,12) (S 18,12,16) (S 23,16,17) (S 10,17,17) (D 0,1,1)
0 1 3 14.0 14.00 3 (D 0,1,1) (S 33,1,19) (S 12,19,19) (D 0,1,1)
0 1 4 15.0 23.00 4 (D 0,1,1) (S 31,20,15) (S 39,15,20) (S 40,15,21) (D 0,1,1)
0 1 5 29.0 50.00 4 (D 0,1,1) (S 22,6,11) (S 27,6,5) (S 4,5,5) (D 0,1,1)
0 1 6 8.0 37.00 3 (D 0,1,1) (S 26,12,11) (S 32,12,17) (D 0,1,1)
0 1 7 4.0 33.00 3 (D 0,1,1) (S 34,16,15) (D 0,1,1)