275.00
7
704000
704000
0 1 1 35.0 35.00 8 (D 0,1,1) (S 33,1,8) (S 4,8,8) (S 59,8,9) (S 5,9,9) (S 70,9,10) (S 6,10,10) (S 35,10,16) (D 0,1,1)
0 1 2 17.0 17.00 8 (D 0,1,1) (S 42,1,2) (S 1,2,2) (S 76,2,6) (S 2,6,6) (S 40,6,12) (S 44,12,11) (S 7,11,11) (D 0,1,1)
0 1 3 12.0 12.00 2 (D 0,1,1) (S 66,1,11) (D 0,1,1)
0 1 4 9.0 15.00 3 (D 0,1,1) (S 58,12,17) (S 10,17,17) (D 0,1,1)
0 1 5 62.0 86.00 16 (D 0,1,1) (S 71,12,13) (S 8,13,13) (S 34,13,19) (S 43,13,12) (S 3,7,7) (S 37,7,13) (S 32,3,37) (S 26,37,37) (S 39,37,38) (S 49,37,30) (S 19,30,30) (S 60,30,29) (S 53,29,36) (S 25,36,36) (S 56,36,29) (D 0,1,1)
0 1 6 26.0 56.00 9 (D 0,1,1) (S 38,3,7) (S 48,3,2) (S 61,3,4) (S 29,4,5) (S 69,5,39) (S 27,39,39) (S 51,39,32) (S 21,32,32) (D 0,1,1)
0 1 7 20.0 54.00 8 (D 0,1,1) (S 30,4,38) (S 55,37,31) (S 20,31,31) (S 46,31,37) (S 75,30,37) (S 73,4,3) (S 63,39,5) (D 0,1,1)