35103.00
39
13072800
13072800
0 1 1 130.0 724.00 12 (D 0,1,1) (S 26,1,2) (S 1,2,2) (S 27,2,3) (S 125,3,2) (S 28,2,4) (S 126,4,2) (S 124,2,1) (S 2,5,5) (S 3,9,9) (S 4,20,20) (D 0,1,1)
0 1 2 130.0 674.00 11 (D 0,1,1) (S 29,4,5) (S 30,5,6) (S 128,6,5) (S 31,5,7) (S 32,7,8) (S 33,8,9) (S 129,7,5) (S 20,59,59) (S 19,58,58) (D 0,1,1)
0 1 3 130.0 524.00 7 (D 0,1,1) (S 107,4,69) (S 203,69,58) (S 106,59,69) (S 204,69,59) (S 14,44,44) (D 0,1,1)
0 1 4 130.0 836.00 12 (D 0,1,1) (S 127,5,4) (S 130,8,7) (S 34,9,10) (S 35,10,11) (S 133,11,10) (S 116,12,76) (S 16,50,50) (S 85,50,52) (S 17,52,52) (S 18,54,54) (D 0,1,1)
0 1 5 130.0 794.00 7 (D 0,1,1) (S 205,69,4) (S 193,59,58) (S 95,58,59) (S 15,46,46) (S 86,51,53) (D 0,1,1)
0 1 6 130.0 742.00 8 (D 0,1,1) (S 194,59,11) (S 36,11,12) (S 214,76,12) (S 215,76,20) (S 87,52,53) (S 5,22,22) (D 0,1,1)
0 1 7 130.0 613.00 11 (D 0,1,1) (S 219,59,44) (S 76,44,45) (S 77,45,46) (S 79,46,47) (S 80,47,48) (S 178,48,47) (S 82,47,49) (S 83,49,50) (S 181,50,49) (D 0,1,1)
0 1 8 130.0 847.00 7 (D 0,1,1) (S 131,9,8) (S 132,10,9) (S 81,11,48) (S 88,52,54) (S 25,75,75) (D 0,1,1)
0 1 9 130.0 766.00 9 (D 0,1,1) (S 97,58,60) (S 21,60,60) (S 98,60,61) (S 196,61,60) (S 103,62,66) (S 23,66,66) (S 22,65,65) (D 0,1,1)
0 1 10 130.0 1042.00 11 (D 0,1,1) (S 105,58,69) (S 192,58,57) (S 191,57,42) (S 13,43,43) (S 12,41,41) (S 11,40,40) (S 10,39,39) (S 8,32,32) (S 9,34,34) (D 0,1,1)
0 1 11 130.0 903.00 13 (D 0,1,1) (S 78,44,46) (S 175,46,45) (S 174,45,44) (S 121,44,59) (S 176,46,44) (S 177,47,46) (S 84,49,51) (S 218,51,21) (S 120,21,51) (S 184,53,51) (S 6,23,23) (D 0,1,1)
0 1 12 130.0 1299.00 9 (D 0,1,1) (S 173,44,43) (S 172,43,42) (S 74,42,43) (S 92,42,56) (S 183,52,50) (S 7,27,27) (S 24,72,72) (D 0,1,1)
0 1 13 130.0 830.00 6 (D 0,1,1) (S 96,11,59) (S 99,60,62) (S 197,62,60) (S 189,56,55) (D 0,1,1)
0 1 14 130.0 638.00 6 (D 0,1,1) (S 122,60,67) (S 212,67,56) (S 114,56,67) (S 220,67,60) (D 0,1,1)
0 1 15 129.0 860.00 9 (D 0,1,1) (S 195,60,58) (S 100,62,63) (S 101,63,64) (S 199,64,63) (S 102,63,65) (S 200,65,63) (S 91,55,56) (D 0,1,1)
0 1 16 128.0 929.00 7 (D 0,1,1) (S 123,62,67) (S 221,67,62) (S 104,66,68) (S 201,66,62) (S 167,40,39) (D 0,1,1)
0 1 17 130.0 781.00 6 (D 0,1,1) (S 180,49,47) (S 179,48,11) (S 37,12,16) (S 136,16,13) (D 0,1,1)
0 1 18 129.0 757.00 8 (D 0,1,1) (S 134,12,11) (S 119,76,77) (S 139,77,13) (S 38,13,16) (S 135,16,12) (S 117,20,76) (D 0,1,1)
0 1 19 128.0 716.00 7 (D 0,1,1) (S 188,50,19) (S 45,19,20) (S 143,20,19) (S 90,19,50) (S 185,53,52) (D 0,1,1)
0 1 20 130.0 787.00 11 (D 0,1,1) (S 182,51,49) (S 48,21,22) (S 49,22,75) (S 147,75,22) (S 50,22,24) (S 51,24,25) (S 52,25,75) (S 148,24,22) (S 186,54,52) (D 0,1,1)
0 1 21 129.0 1015.00 7 (D 0,1,1) (S 145,21,19) (S 47,19,21) (S 187,53,24) (S 89,24,53) (S 111,72,73) (D 0,1,1)
0 1 22 127.0 988.00 6 (D 0,1,1) (S 94,57,58) (S 198,63,62) (S 93,42,57) (S 69,39,40) (D 0,1,1)
0 1 23 130.0 960.00 7 (D 0,1,1) (S 144,20,18) (S 44,18,19) (S 142,19,18) (S 46,18,20) (S 207,72,71) (D 0,1,1)
0 1 24 128.0 917.00 6 (D 0,1,1) (S 75,43,44) (S 146,22,21) (S 150,75,25) (S 53,25,26) (D 0,1,1)
0 1 25 130.0 1088.00 12 (D 0,1,1) (S 171,42,41) (S 73,41,42) (S 169,41,35) (S 70,35,39) (S 166,39,37) (S 67,37,38) (S 165,38,37) (S 68,37,39) (S 168,39,35) (S 138,15,14) (D 0,1,1)
0 1 26 130.0 1105.00 9 (D 0,1,1) (S 190,56,42) (S 170,41,40) (S 72,40,41) (S 71,35,41) (S 62,32,33) (S 65,33,36) (S 157,31,30) (D 0,1,1)
0 1 27 128.0 888.00 6 (D 0,1,1) (S 113,18,72) (S 112,73,74) (S 208,73,71) (S 109,71,72) (D 0,1,1)
0 1 28 128.0 766.00 6 (D 0,1,1) (S 141,18,15) (S 42,15,17) (S 140,17,15) (S 43,15,18) (D 0,1,1)
0 1 29 128.0 1231.00 12 (D 0,1,1) (S 39,13,14) (S 40,14,15) (S 118,15,77) (S 216,77,15) (S 137,14,13) (S 41,13,77) (S 217,77,76) (S 213,75,23) (S 54,23,26) (S 209,73,72) (D 0,1,1)
0 1 30 125.0 1400.00 5 (D 0,1,1) (S 202,68,66) (S 164,37,33) (S 110,71,73) (D 0,1,1)
0 1 31 128.0 888.00 8 (D 0,1,1) (S 58,25,29) (S 155,29,28) (S 57,28,29) (S 156,29,25) (S 149,25,24) (S 55,26,27) (D 0,1,1)
0 1 32 129.0 949.00 4 (D 0,1,1) (S 162,35,32) (S 63,32,34) (D 0,1,1)
0 1 33 128.0 941.00 5 (D 0,1,1) (S 60,23,31) (S 61,31,32) (S 160,33,32) (D 0,1,1)
0 1 34 111.0 977.00 9 (D 0,1,1) (S 115,23,75) (S 56,26,28) (S 154,28,26) (S 151,26,25) (S 152,26,23) (S 153,27,26) (S 59,30,31) (D 0,1,1)
0 1 35 126.0 959.00 4 (D 0,1,1) (S 158,31,23) (S 64,32,35) (D 0,1,1)
0 1 36 117.0 1055.00 4 (D 0,1,1) (S 211,72,18) (S 210,74,73) (D 0,1,1)
0 1 37 112.0 930.00 4 (D 0,1,1) (S 206,71,70) (S 108,70,71) (D 0,1,1)
0 1 38 128.0 1157.00 5 (D 0,1,1) (S 159,32,31) (S 161,34,32) (S 163,36,33) (D 0,1,1)
0 1 39 75.0 827.00 3 (D 0,1,1) (S 66,33,37) (D 0,1,1)