754.00
13
2537600
2537600
0 1 1 70.0 72.00 21 (D 0,1,1) (S 53,1,2) (S 81,2,3) (S 1,3,3) (S 95,3,9) (S 7,9,9) (S 78,9,15) (S 13,15,15) (S 75,15,9) (S 92,15,14) (S 12,14,14) (S 89,14,15) (S 102,15,16) (S 14,16,16) (S 56,16,24) (S 22,24,24) (S 68,24,32) (S 30,32,32) (S 61,32,24) (S 90,24,25) (S 23,25,25) (D 0,1,1)
0 1 2 38.0 38.00 12 (D 0,1,1) (S 67,1,5) (S 3,5,5) (S 103,5,18) (S 16,18,18) (S 65,18,29) (S 27,29,29) (S 98,29,26) (S 24,26,26) (S 62,26,18) (S 83,18,19) (S 17,19,19) (D 0,1,1)
0 1 3 48.0 70.00 15 (D 0,1,1) (S 84,2,7) (S 5,7,7) (S 50,7,8) (S 6,8,8) (S 4,6,6) (S 51,6,7) (S 64,6,13) (S 11,13,13) (S 63,13,12) (S 10,12,12) (S 57,12,20) (S 18,20,20) (S 69,20,30) (S 28,30,30) (D 0,1,1)
0 1 4 37.0 69.00 13 (D 0,1,1) (S 70,13,14) (S 99,16,15) (S 87,32,31) (S 29,31,31) (S 97,31,27) (S 25,27,27) (S 91,27,35) (S 32,35,35) (S 48,35,36) (S 33,36,36) (S 106,36,37) (S 34,37,37) (D 0,1,1)
0 1 5 12.0 32.00 4 (D 0,1,1) (S 105,12,11) (S 9,11,11) (S 66,11,19) (D 0,1,1)
0 1 6 5.0 27.00 2 (D 0,1,1) (S 77,20,19) (D 0,1,1)
0 1 7 7.0 46.00 3 (D 0,1,1) (S 73,11,5) (S 88,26,29) (D 0,1,1)
0 1 8 33.0 67.00 10 (D 0,1,1) (S 93,32,28) (S 26,28,28) (S 79,28,38) (S 35,38,38) (S 47,38,45) (S 41,45,45) (S 39,43,43) (S 46,43,45) (S 96,43,37) (D 0,1,1)
0 1 9 9.0 48.00 2 (D 0,1,1) (S 85,38,37) (D 0,1,1)
0 1 10 24.0 82.00 9 (D 0,1,1) (S 104,35,27) (S 31,34,34) (S 59,34,35) (S 94,34,33) (S 45,33,40) (S 37,40,40) (S 101,40,47) (S 43,47,47) (D 0,1,1)
0 1 11 5.0 55.00 2 (D 0,1,1) (S 107,34,30) (D 0,1,1)
0 1 12 28.0 91.00 6 (D 0,1,1) (S 49,33,39) (S 36,39,39) (S 55,33,46) (S 42,46,46) (S 74,33,29) (D 0,1,1)
0 1 13 3.0 57.00 2 (D 0,1,1) (S 86,33,34) (D 0,1,1)