321.00
7
810200
810200
0 1 1 40.0 47.00 9 (D 0,1,1) (S 31,1,10) (S 51,10,9) (S 5,9,9) (S 77,9,8) (S 4,8,8) (S 39,8,14) (S 9,14,14) (S 70,8,9) (D 0,1,1)
0 1 2 58.0 72.00 13 (D 0,1,1) (S 38,1,33) (S 18,33,33) (S 41,1,35) (S 20,35,35) (S 74,35,34) (S 19,34,34) (S 25,27,34) (S 63,27,28) (S 14,28,28) (S 57,28,27) (S 13,26,26) (S 24,26,27) (D 0,1,1)
0 1 3 65.0 89.00 19 (D 0,1,1) (S 46,1,2) (S 1,2,2) (S 37,2,36) (S 81,36,37) (S 21,37,37) (S 44,37,3) (S 35,3,7) (S 3,7,7) (S 28,7,13) (S 8,13,13) (S 40,13,19) (S 54,3,37) (S 52,37,36) (S 61,2,6) (S 2,6,6) (S 62,6,7) (S 71,3,4) (S 22,39,39) (D 0,1,1)
0 1 4 9.0 9.00 2 (D 0,1,1) (S 60,1,8) (D 0,1,1)
0 1 5 6.0 6.00 3 (D 0,1,1) (S 72,1,40) (S 23,40,40) (D 0,1,1)
0 1 6 48.0 86.00 13 (D 0,1,1) (S 64,2,3) (S 34,4,38) (S 67,38,37) (S 79,37,38) (S 75,38,39) (S 59,39,38) (S 47,4,3) (S 68,6,12) (S 7,12,12) (S 42,12,17) (S 76,17,13) (S 55,12,6) (D 0,1,1)
0 1 7 8.0 12.00 2 (D 0,1,1) (S 84,35,28) (D 0,1,1)