12302.00
9
1544500
1544500
0 1 1 1720.0 1990.00 21 (D 0,1,1) (S 70,1,2) (S 1,2,2) (S 71,2,3) (S 2,3,3) (S 73,3,14) (S 10,14,14) (S 84,14,25) (S 21,25,25) (S 102,25,36) (S 30,36,36) (S 122,36,35) (S 29,35,35) (S 37,46,46) (S 38,48,48) (S 142,48,37) (S 31,37,37) (S 32,38,38) (S 22,27,27) (S 12,16,16) (S 4,5,5) (D 0,1,1)
0 1 2 316.0 353.00 3 (D 0,1,1) (S 72,2,13) (S 9,13,13) (D 0,1,1)
0 1 3 1250.0 1446.00 7 (D 0,1,1) (S 123,36,47) (S 139,47,46) (S 138,46,47) (S 140,47,48) (S 143,48,59) (S 46,59,59) (D 0,1,1)
0 1 4 1141.0 1448.00 9 (D 0,1,1) (S 141,47,58) (S 158,58,57) (S 45,57,57) (S 156,57,46) (S 124,37,38) (S 125,38,27) (S 105,27,16) (S 87,16,5) (D 0,1,1)
0 1 5 647.0 814.00 4 (D 0,1,1) (S 118,35,24) (S 20,24,24) (S 100,24,13) (D 0,1,1)
0 1 6 1590.0 2010.00 13 (D 0,1,1) (S 119,35,34) (S 28,34,34) (S 19,23,23) (S 64,23,34) (S 99,23,24) (S 101,24,25) (S 120,35,36) (S 54,68,68) (S 172,68,69) (S 55,69,69) (S 173,69,70) (S 56,70,70) (D 0,1,1)
0 1 7 1657.0 2168.00 11 (D 0,1,1) (S 121,35,46) (S 157,57,68) (S 53,67,67) (S 68,67,68) (S 44,56,56) (S 67,56,67) (S 36,45,45) (S 88,16,15) (S 11,15,15) (S 3,4,4) (D 0,1,1)
0 1 8 665.0 995.00 4 (D 0,1,1) (S 126,38,37) (S 106,27,38) (S 85,15,4) (D 0,1,1)
0 1 9 641.0 1078.00 4 (D 0,1,1) (S 66,45,56) (S 137,45,46) (S 86,15,14) (D 0,1,1)