92.00
8
142300
142300
0 1 1 17.0 17.00 7 (D 0,1,1) (S 11,1,2) (S 1,2,2) (S 12,2,3) (S 2,3,3) (S 22,3,10) (S 9,10,10) (D 0,1,1)
0 1 2 26.0 28.00 8 (D 0,1,1) (S 15,1,3) (S 27,3,5) (S 4,5,5) (S 14,5,7) (S 6,7,7) (S 10,7,11) (S 17,7,10) (D 0,1,1)
0 1 3 14.0 16.00 4 (D 0,1,1) (S 18,1,11) (S 25,7,8) (S 7,8,8) (D 0,1,1)
0 1 4 3.0 3.00 2 (D 0,1,1) (S 19,1,7) (D 0,1,1)
0 1 5 5.0 5.00 2 (D 0,1,1) (S 23,1,8) (D 0,1,1)
0 1 6 7.0 8.00 2 (D 0,1,1) (S 21,2,8) (D 0,1,1)
0 1 7 5.0 6.00 2 (D 0,1,1) (S 26,2,5) (D 0,1,1)
0 1 8 7.0 9.00 2 (D 0,1,1) (S 28,3,11) (D 0,1,1)