260.00
7
165900
165900
0 1 1 19.0 19.00 5 (D 0,1,1) (S 10,1,5) (S 4,5,5) (S 16,5,7) (S 6,7,7) (D 0,1,1)
0 1 2 13.0 13.00 2 (D 0,1,1) (S 12,1,7) (D 0,1,1)
0 1 3 17.0 17.00 3 (D 0,1,1) (S 13,1,9) (S 8,9,9) (D 0,1,1)
0 1 4 5.0 12.00 2 (D 0,1,1) (S 17,5,9) (D 0,1,1)
0 1 5 28.0 58.00 5 (D 0,1,1) (S 1,2,2) (S 11,2,1) (S 15,2,8) (S 7,8,8) (D 0,1,1)
0 1 6 29.0 50.00 8 (D 0,1,1) (S 3,4,4) (S 9,4,2) (S 14,4,3) (S 2,3,3) (S 18,3,6) (S 5,6,6) (S 20,6,7) (D 0,1,1)
0 1 7 20.0 91.00 3 (D 0,1,1) (S 19,4,5) (S 21,3,7) (D 0,1,1)