39398.00
21
2258900
2258900
0 1 1 1464.0 2177.00 18 (D 0,1,1) (S 11,1,10) (S 22,10,11) (S 24,11,18) (S 34,18,19) (S 35,19,20) (S 38,20,33) (S 6,33,33) (S 5,32,32) (S 9,45,45) (S 7,35,35) (S 10,50,50) (S 8,39,39) (S 3,25,25) (S 1,6,6) (S 2,17,17) (S 4,29,29) (D 0,1,1)
0 1 2 1469.0 2226.00 9 (D 0,1,1) (S 12,1,11) (S 25,11,19) (S 36,19,31) (S 80,44,45) (S 90,20,21) (S 91,21,22) (S 30,15,16) (D 0,1,1)
0 1 3 1465.0 1912.00 7 (D 0,1,1) (S 23,10,17) (S 32,17,18) (S 88,11,2) (S 13,2,3) (S 63,35,36) (D 0,1,1)
0 1 4 1464.0 1756.00 6 (D 0,1,1) (S 33,17,29) (S 52,29,30) (S 53,29,42) (S 27,12,19) (D 0,1,1)
0 1 5 1437.0 1896.00 6 (D 0,1,1) (S 14,3,4) (S 16,4,5) (S 17,5,6) (S 20,7,25) (D 0,1,1)
0 1 6 1454.0 2087.00 9 (D 0,1,1) (S 15,3,12) (S 26,12,13) (S 28,13,20) (S 59,33,34) (S 81,46,47) (S 67,37,38) (S 85,52,53) (D 0,1,1)
0 1 7 1434.0 2161.00 7 (D 0,1,1) (S 89,12,11) (S 56,31,44) (S 79,43,44) (S 54,30,31) (S 47,26,27) (D 0,1,1)
0 1 8 1391.0 1855.00 6 (D 0,1,1) (S 55,30,43) (S 78,42,43) (S 57,32,33) (S 65,36,48) (D 0,1,1)
0 1 9 1379.0 1723.00 5 (D 0,1,1) (S 37,20,32) (S 58,32,44) (S 60,33,45) (D 0,1,1)
0 1 10 1474.0 1887.00 7 (D 0,1,1) (S 39,21,34) (S 61,34,35) (S 93,35,22) (S 40,22,23) (S 44,24,37) (D 0,1,1)
0 1 11 1375.0 1875.00 6 (D 0,1,1) (S 62,34,46) (S 95,46,45) (S 41,22,36) (S 82,48,49) (D 0,1,1)
0 1 12 1384.0 1803.00 5 (D 0,1,1) (S 18,5,14) (S 29,14,22) (S 42,23,24) (D 0,1,1)
0 1 13 1378.0 1761.00 4 (D 0,1,1) (S 43,23,36) (S 64,36,37) (D 0,1,1)
0 1 14 1434.0 1945.00 6 (D 0,1,1) (S 66,36,49) (S 97,49,50) (S 83,50,51) (S 72,39,40) (D 0,1,1)
0 1 15 1430.0 2021.00 7 (D 0,1,1) (S 96,47,48) (S 68,37,49) (S 98,50,49) (S 45,24,38) (S 69,38,39) (D 0,1,1)
0 1 16 874.0 1089.00 3 (D 0,1,1) (S 19,6,7) (S 86,7,8) (D 0,1,1)
0 1 17 1453.0 2200.00 7 (D 0,1,1) (S 70,38,50) (S 84,51,52) (S 75,40,52) (S 76,40,53) (S 21,9,16) (D 0,1,1)
0 1 18 1435.0 2048.00 6 (D 0,1,1) (S 71,38,51) (S 73,39,51) (S 74,40,41) (S 94,40,26) (D 0,1,1)
0 1 19 1240.0 1813.00 5 (D 0,1,1) (S 46,25,38) (S 92,25,24) (S 48,26,39) (D 0,1,1)
0 1 20 1432.0 2113.00 6 (D 0,1,1) (S 49,27,28) (S 51,28,41) (S 77,41,53) (S 31,16,28) (D 0,1,1)
0 1 21 658.0 1050.00 3 (D 0,1,1) (S 50,27,40) (S 87,9,8) (D 0,1,1)