378.00
9
334600
334600
0 1 1 16.0 22.00 6 (D 0,1,1) (S 16,1,8) (S 3,8,8) (S 25,8,20) (S 8,20,20) (S 11,19,20) (D 0,1,1)
0 1 2 7.0 7.00 3 (D 0,1,1) (S 34,1,9) (S 4,9,9) (D 0,1,1)
0 1 3 12.0 12.00 4 (D 0,1,1) (S 40,1,10) (S 18,10,18) (S 19,18,19) (D 0,1,1)
0 1 4 22.0 40.00 5 (D 0,1,1) (S 12,5,1) (S 15,5,14) (S 22,14,15) (S 7,15,15) (D 0,1,1)
0 1 5 6.0 15.00 3 (D 0,1,1) (S 33,5,6) (S 21,6,15) (D 0,1,1)
0 1 6 9.0 18.00 2 (D 0,1,1) (S 37,8,9) (D 0,1,1)
0 1 7 24.0 37.00 4 (D 0,1,1) (S 36,10,12) (S 26,12,17) (S 28,17,18) (D 0,1,1)
0 1 8 14.0 38.00 5 (D 0,1,1) (S 24,6,11) (S 5,11,11) (S 9,11,16) (S 27,16,17) (D 0,1,1)
0 1 9 31.0 189.00 10 (D 0,1,1) (S 10,4,11) (S 38,4,6) (S 39,4,1) (S 2,7,7) (S 13,7,4) (S 35,7,13) (S 6,13,13) (S 29,13,14) (D 0,1,1)