21200.00
11
598500
598500
0 1 1 1517.0 2081.00 13 (D 0,1,1) (S 7,1,2) (S 9,2,3) (S 1,3,3) (S 11,3,4) (S 12,3,8) (S 19,8,9) (S 3,14,14) (S 4,15,15) (S 5,22,22) (S 6,24,24) (S 2,11,11) (D 0,1,1)
0 1 2 1533.0 1997.00 7 (D 0,1,1) (S 8,1,6) (S 16,6,7) (S 18,7,8) (S 46,8,13) (S 22,10,15) (D 0,1,1)
0 1 3 1528.0 1909.00 6 (D 0,1,1) (S 10,2,7) (S 17,6,11) (S 23,11,18) (S 32,18,19) (D 0,1,1)
0 1 4 1533.0 2076.00 8 (D 0,1,1) (S 47,11,12) (S 24,12,13) (S 26,13,14) (S 28,14,15) (S 29,15,22) (S 50,26,25) (D 0,1,1)
0 1 5 1449.0 1905.00 7 (D 0,1,1) (S 13,4,5) (S 15,5,10) (S 20,9,10) (S 21,9,14) (S 25,12,16) (D 0,1,1)
0 1 6 1498.0 2147.00 6 (D 0,1,1) (S 14,4,9) (S 27,13,17) (S 48,12,7) (S 40,23,24) (D 0,1,1)
0 1 7 1365.0 1799.00 5 (D 0,1,1) (S 33,18,23) (S 41,23,25) (S 35,19,24) (D 0,1,1)
0 1 8 1411.0 1839.00 5 (D 0,1,1) (S 30,16,17) (S 31,16,19) (S 34,19,20) (D 0,1,1)
0 1 9 1362.0 1810.00 5 (D 0,1,1) (S 42,24,26) (S 43,26,27) (S 44,27,28) (D 0,1,1)
0 1 10 1515.0 2055.00 6 (D 0,1,1) (S 36,20,21) (S 38,21,28) (S 45,28,29) (S 49,21,17) (D 0,1,1)
0 1 11 983.0 1582.00 4 (D 0,1,1) (S 37,20,27) (S 39,22,29) (D 0,1,1)