249.00
10
241200
241200
0 1 1 26.0 36.00 8 (D 0,1,1) (S 17,1,27) (S 13,26,27) (S 19,1,3) (S 22,3,6) (S 3,6,6) (S 36,6,7) (S 4,7,7) (D 0,1,1)
0 1 2 7.0 7.00 2 (D 0,1,1) (S 29,1,19) (D 0,1,1)
0 1 3 8.0 8.00 2 (D 0,1,1) (S 37,1,17) (D 0,1,1)
0 1 4 12.0 12.00 3 (D 0,1,1) (S 44,1,15) (S 28,15,17) (D 0,1,1)
0 1 5 27.0 48.00 8 (D 0,1,1) (S 20,3,8) (S 5,8,8) (S 12,8,24) (S 11,24,24) (S 46,24,27) (S 42,3,4) (S 2,4,4) (D 0,1,1)
0 1 6 3.0 11.00 3 (D 0,1,1) (S 43,15,20) (S 8,20,20) (D 0,1,1)
0 1 7 13.0 24.00 3 (D 0,1,1) (S 25,6,10) (S 39,10,11) (D 0,1,1)
0 1 8 10.0 42.00 4 (D 0,1,1) (S 31,6,8) (S 35,8,27) (S 26,4,10) (D 0,1,1)
0 1 9 1.0 15.00 2 (D 0,1,1) (S 40,4,19) (D 0,1,1)
0 1 10 11.0 46.00 4 (D 0,1,1) (S 14,23,24) (S 41,23,26) (D 0,1,1)