500.00
7
1021900
1021900
0 1 1 55.0 69.00 10 (D 0,1,1) (S 28,1,33) (S 32,33,34) (S 22,34,34) (S 17,27,27) (S 35,27,34) (S 30,1,40) (S 31,1,10) (S 70,10,16) (S 8,16,16) (D 0,1,1)
0 1 2 118.0 179.00 31 (D 0,1,1) (S 52,1,6) (S 43,6,7) (S 2,7,7) (S 50,6,12) (S 6,12,12) (S 45,12,17) (S 9,17,17) (S 29,17,18) (S 10,18,18) (S 37,13,18) (S 61,13,12) (S 47,12,6) (S 1,2,2) (S 34,2,6) (S 49,2,3) (S 26,3,4) (S 65,4,5) (S 39,5,39) (S 55,5,4) (S 68,4,38) (S 25,38,38) (S 27,38,39) (S 38,3,37) (S 24,37,37) (S 57,3,2) (S 64,3,7) (S 51,17,13) (S 76,13,17) (S 66,38,4) (S 73,38,37) (D 0,1,1)
0 1 3 17.0 17.00 4 (D 0,1,1) (S 54,1,11) (S 5,11,11) (S 62,11,12) (D 0,1,1)
0 1 4 55.0 73.00 13 (D 0,1,1) (S 58,1,35) (S 71,35,36) (S 23,36,36) (S 69,36,35) (S 75,35,1) (S 3,8,8) (S 33,8,40) (S 59,8,9) (S 4,9,9) (S 56,9,15) (S 7,15,15) (S 41,14,15) (D 0,1,1)
0 1 5 33.0 63.00 5 (D 0,1,1) (S 16,26,26) (S 44,26,33) (S 67,26,34) (S 72,8,14) (D 0,1,1)
0 1 6 23.0 37.00 6 (D 0,1,1) (S 36,29,30) (S 19,30,30) (S 60,30,31) (S 20,31,31) (S 74,31,38) (D 0,1,1)
0 1 7 15.0 62.00 4 (D 0,1,1) (S 40,29,36) (S 63,9,8) (D 0,1,1)